>MA0105.2	MA0105.2.NFKB1
A  [     0      0      0      2     11      5      0      0      0      0      1 ]
C  [     0      0      0      0      1      0      5     13     17     18     15 ]
G  [    18     18     18     16      6      2      2      0      0      0      1 ]
T  [     0      0      0      0      0     11     11      5      1      0      1 ]
>MA0137.2	MA0137.2.STAT1
A  [   208    859    251     10      8    106     23    528    696     53   1900   2030    954    336    417 ]
C  [  1076    496    574     22     14   1921   1900    762     31     30    124     17    263    760    804 ]
G  [   415    279    144     11     38     14      7    115   1292   1700     29     23    552    270    425 ]
T  [   378    446   1112   2038   2023     44    155    680     66    302     32     15    315    714    431 ]
>MA0080.2	MA0080.2.SPI1
A  [    33      4      4     42     41      5      3 ]
C  [     3      0      0      0      0      3      5 ]
G  [     6     37     38      0      1     33      2 ]
T  [     0      1      0      0      0      1     32 ]
>MA0492.1	MA0492.1.JUND
A  [ 11448  13436  11261  13616  25347      0      0  33631      0   5124      0   8793  33631    267  10255 ]
C  [  4326   3228   4836   2452    169      0      0      0  10406   1824   3935  24697      0   5470  10841 ]
G  [  7996   8721   8110  15761   8115      0  33511      0   8287  26683      0    141      0   2407   6351 ]
T  [  9861   8246   9424   1802      0  33631    120      0  14938      0  29696      0      0  25487   6184 ]
>MA0105.3	MA0105.3.NFKB1
A  [   570     55    121   3141   2228      0      0      0      0      0   1580 ]
C  [   319      0      0    224   1204      0     55   1526   4858   5026   2395 ]
G  [  2682   5057   4902   1635    812      0     84      0      0      0    269 ]
T  [  1541      0     89    112    868   5112   4973   3586    254     86    868 ]
>MA0137.3	MA0137.3.STAT1
A  [   366      0      0    361    109   1739    163     29   3620   3624   1879 ]
C  [   731     52      6   3262   2009      0      0      7      0      5    311 ]
G  [   785      0    110      6      0   1637   3466   3426      9      0    725 ]
T  [  1747   3577   3513      0   1511    253      0    167      0      0    714 ]
>MA0105.4	MA0105.4.NFKB1
A  [  8441      9      0      4    229  12004   7003     22     17    497      4      6   1231 ]
C  [  2013      0      3      0      3     62     18   1311   9574   9536   9591   9642   1293 ]
G  [   990  19047  19177  19167  19458    821     32    116      4      1      1      2   3348 ]
T  [   818      5      2    318     27     27   6744  14372    130      3      2      8   9386 ]
>MA0778.1	MA0778.1.NFKB2
A  [  5041    101      1      8   2663   8380   5182   1173    852    256      2      8   1527 ]
C  [  2456     97      1      5     11    977     60   1395  11011  12673  12710  12888   3324 ]
G  [  2306  16291  16041  16055  13129    856     51   1077     19      1      1      3   2182 ]
T  [  1980      4      3    565    987    636   5970  10976   1867     44      2     23   5985 ]
>MA0785.1	MA0785.1.POU2F1
A  [  5076   5351    756  10582    153    186    300   6932  10582  10582   1422   1976 ]
C  [  1938   1046   1347     12    501     82  10582     33    108     37    457   1840 ]
G  [  1494   2142    474     29    213  10582   1351     46    879     51    755   2504 ]
T  [  2075   5231  10582     43  10582   1326   3375   3651    787    158  10582   4262 ]
>MA0491.2	MA0491.2.JUND
A  [ 28467  29234  70166    644   1365 103797   4634   2053   4915 103420   2796  27969  28212 ]
C  [ 21965  19712  10173    757    873    650  76028    496  98628    751  12025  28250  29793 ]
G  [ 25006  31347  20586    443  99787    573  20633   1147    953    965   7908  22249  19236 ]
T  [ 30507  25652   5020 104101   3920    925   4650 102249   1449    809  83216  27477  28704 ]
