SNP_chr	SNP_pos	Mapped_gene	Trait_chr	Trait_start	Trait_end	Pvalue	Sourceid
4	75971997	PARM1	4	75858305	75975325	1.38E-05	193
4	596849	MYL5	4	667369	675822	1.79E-05	193
18	23739314	TAF4B	18	23805900	23971649	5.49E-06	193
17	14221501	HS3ST3B1	17	14204398	14252721	2.47E-05	193
8	21964378	NUDT18	8	21964385	21966932	1.08E-09	193
10	73745476	CHST3	10	73724153	73773316	4.69E-06	193
1	17390721	PADI3	1	17575593	17610728	4.08E-06	193
6	27363076	ZNF391	6	27342394	27371683	1.56E-06	193
8	103545298	ODF1	8	103563817	103573246	6.94E-06	193
9	20610476	MLLT3	9	20341667	20622517	2.26E-05	193
9	116095281	WDR31	9	116075502	116102578	9.43E-06	193
14	24422366	DHRS4-AS1	14	24407940	24458048	1.74E-05	193
14	104372909	ATP5MPL	14	104378625	104394606	1.16E-05	193
14	24422585	DHRS4	14	24422943	24438488	3.73E-08	193
3	49276077	KLHDC8B	3	49209031	49213919	1.19E-05	193
10	1065787	IDI2	10	1064850	1071799	1.14E-05	193
15	44047638	CATSPER2	15	43920701	43960316	5.38E-07	193
4	68536489	UBA6	4	68478370	68566873	1.05E-06	193
7	102652860	DPY19L2P2	7	102815580	102920857	1.94E-05	193
7	6870635	CCZ1B	7	6833765	6866401	5.63E-07	193
7	132943153	EXOC4	7	132937829	133751342	2.13E-05	193
7	8223638	ICA1	7	8152814	8302317	1.91E-06	193
1	203156080	CHI3L1	1	203148059	203155832	5.91E-08	193
19	36236909	U2AF1L4	19	36233365	36236346	1.60E-06	193
19	7555092	PEX11G	19	7541761	7562335	1.93E-05	193
19	58140537	ZNF772	19	57978031	57988938	1.28E-05	193
19	2249477	AMH	19	2249308	2252072	5.97E-06	193
19	939697	CNN2	19	1026585	1039067	9.05E-06	193
19	46954262	PNMA8A	19	46969748	46974820	7.23E-07	193
19	50553975	AC010624.1	19	50553846	50570050	5.99E-09	193
2	88467576	THNSL2	2	88469814	88486155	1.14E-06	193
4	69390332	UGT2B17	4	69402902	69434245	1.07E-06	193
2	74699778	MRPL53	2	74699109	74699814	4.56E-08	193
1	46806703	NSUN4	1	46805849	46830824	2.46E-08	193
3	15300701	CAPN7	3	15247659	15294423	3.33E-06	193
17	56802693	RAD51C	17	56769934	56812972	8.58E-08	193
5	74057714	NSA2	5	74062816	74075938	1.67E-12	193
10	16555528	C1QL1	17	43037061	43045671	7.33E-08	193
12	662838	B4GALNT3	12	569530	672675	2.15E-11	193
6	32627714	HLA-DQB1	6	32627244	32636160	7.71E-10	193
6	32627714	HLA-DQA1	6	32595956	32614839	7.78E-08	193
11	93477621	C11orf54	11	93474757	93497915	2.26E-06	193
12	7065281	EMG1	12	7080076	7105520	2.23E-05	193
12	102087193	CHPT1	12	102090725	102137918	1.69E-07	193
9	22138458	CDKN2B	9	22002902	22009304	1.14E-05	193
9	130965235	DNM1	9	130953934	131017527	8.08E-10	193
14	73393878	DCAF4	14	73393040	73426411	2.19E-05	193
10	113012789	ADRA2A	10	112836921	112840665	1.57E-06	193
14	104061646	XRCC3	14	104163946	104181841	2.13E-05	193
11	57162364	PRG2	11	57154253	57158123	4.60E-07	193
10	127496608	UROS	10	127473549	127511854	1.66E-05	193
1	21820990	NBPF3	1	21766621	21811498	1.81E-07	193
9	100985312	CORO2A	9	100883257	100954919	1.98E-08	193
11	6962971	ZNF215	11	6947635	7022235	3.86E-08	193
14	92558171	ATXN3	14	92510840	92572969	4.80E-06	193
12	53500021	SOAT2	12	53497270	53518319	7.90E-06	193
1	75179129	CRYZ	1	75171166	75199092	1.72E-07	193
1	179040930	FAM20B	1	178994939	179045702	5.27E-06	193
1	163364436	NUF2	1	163236366	163325554	1.20E-05	193
7	77046222	GSAP	7	76940068	77045666	1.79E-05	193
9	37775177	TRMT10B	9	37753800	37778969	1.33E-05	193
9	117979125	DEC1	9	117613248	118164923	8.68E-08	193
9	99249548	HABP4	9	99212451	99253618	7.36E-11	193
11	9849145	SBF2	11	9800214	10315754	2.96E-10	193
12	32899976	YARS2	12	32880424	32908836	2.52E-05	193
12	124174937	TCTN2	12	124155660	124192946	6.70E-06	193
15	75893088	SNUPN	15	75890424	75918810	1.25E-06	193
4	84146768	PLAC8	4	84011201	84058228	4.33E-07	193
1	110181305	GSTM4	1	110198721	110217458	8.44E-08	193
12	100557345	GOLGA2P5	12	100550135	100567437	2.82E-06	193
2	37499289	CEBPZ	2	37428755	37458739	4.68E-07	193
14	91574621	DGLUCY	14	91526677	91691976	2.10E-05	193
11	64974442	FAU	11	64888102	64889649	8.47E-06	193
11	67307099	NUDT8	11	67395409	67397408	4.37E-06	193
17	80197349	CSNK1D	17	80196899	80231607	9.69E-06	193
6	26394320	HIST1H1PS1	6	26195782	26196861	1.96E-05	193
9	130210111	ZNF79	9	130186653	130207651	8.17E-09	193
1	148558037	NBPF15	1	148555979	148596267	2.79E-06	193
11	65659813	CCDC85B	11	65657583	65659106	9.74E-08	193
1	153587308	S100A13	1	153591263	153603836	2.83E-07	193
15	89174509	MRPL46	15	89002708	89010621	6.58E-06	193
11	18433720	LDHC	11	18433865	18473610	6.51E-09	193
14	100805286	WARS	14	100800127	100843142	5.09E-07	193
16	24384619	PRKCB	16	23847267	24231932	2.26E-05	193
17	33864632	SLFN12L	17	33791268	33849398	2.88E-06	193
17	46701141	HOXB9	17	46698518	46703720	1.13E-06	193
17	41182662	NBR2	17	41277627	41305688	1.58E-06	193
2	31431725	EHD3	2	31457018	31492317	6.11E-06	193
2	29056801	TRMT61B	2	29072687	29093175	9.92E-06	193
2	86324784	PTCD3	2	86333346	86369280	1.72E-06	193
21	43317151	PRDM15	21	43218385	43299591	1.12E-05	193
3	25670166	TOP2B	3	25639396	25706398	4.92E-09	193
3	47338554	ELP6	3	47537130	47555202	7.25E-06	193
4	5377491	STK32B	4	5053207	5502721	2.74E-06	193
4	3495283	LRPAP1	4	3505339	3534173	3.60E-06	193
4	142550	ZNF718	4	124383	196092	9.00E-07	193
6	13180454	PHACTR1	6	12717037	13290716	7.67E-06	193
6	29970427	ZNRD1	6	30026676	30032686	3.77E-07	193
9	139860631	TRAF2	9	139776364	139821059	1.00E-05	193
1	43871592	TIE1	1	43766653	43788779	2.46E-07	193
1	6550505	PLEKHG5	1	6526152	6580121	2.19E-05	193
1	40358726	TRIT1	1	40303782	40349183	1.55E-08	193
14	31285187	G2E3	14	31028364	31089270	2.04E-05	193
15	52758219	MYO5A	15	52599480	52821247	2.66E-06	193
16	66606901	CMTM3	16	66637777	66647795	6.02E-07	193
18	76934261	ATP9B	18	76829285	77138287	3.67E-06	193
18	44722179	HDHD2	18	44633779	44676871	2.66E-08	193
2	31346746	GALNT14	2	31133333	31378068	7.90E-09	193
2	110974695	MTLN	2	110969106	111002997	2.96E-07	193
9	140677678	EHMT1	9	140513444	140764468	2.14E-08	193
9	136200810	SURF6	9	136195612	136203025	1.11E-05	193
14	73924246	RIOX1	14	73957669	73960096	7.15E-06	193
14	94813142	PPP4R4	14	94612465	94746071	1.80E-09	193
14	94813142	SERPINA6	14	94770585	94789726	3.02E-06	193
2	86253508	POLR1A	2	86247339	86333278	1.62E-16	193
1	113106369	ST7L	1	113066136	113163447	5.67E-11	193
1	200600820	DDX59	1	200593024	200639035	2.38E-06	193
1	169882833	SCYL3	1	169818772	169863408	1.49E-05	193
5	71377132	MAP1B	5	71403061	71505392	6.66E-09	193
11	74618701	XRRA1	11	74518784	74660245	1.63E-09	193
10	126152995	LHPP	10	126150392	126306457	7.12E-06	193
11	111166504	COLCA2	11	111169280	111179460	3.25E-06	193
12	111910020	PHETA1	12	111798455	111806925	9.89E-09	193
12	111863589	SH2B3	12	111843752	111889427	2.65E-12	193
12	8078197	SLC2A14	12	7965108	8043744	1.70E-06	193
9	99370368	CDC14B	9	99252523	99382112	2.11E-05	193
9	4723915	PLPP6	9	4662315	4665258	4.14E-06	193
9	100873931	TRIM14	9	100831557	100881504	1.95E-05	193
2	75185856	POLE4	2	75185619	75197255	4.50E-09	193
4	86501846	ARHGAP24	4	86396303	86923821	1.29E-05	193
14	59967046	L3HYPDH	14	59927081	59951126	2.27E-06	193
7	151142936	RHEB	7	151163098	151217206	1.72E-05	193
8	144647928	GSDMD	8	144635377	144645232	2.30E-05	193
10	102742763	SEMA4G	10	102729275	102745628	1.08E-08	193
12	92824073	CLLU1OS	12	92813870	92821924	1.27E-06	193
19	8552167	PRAM1	19	8554940	8567524	1.67E-05	193
3	172530883	ECT2	3	172468472	172539264	1.62E-06	193
3	32181403	GPD1L	3	32147181	32210205	2.13E-05	193
4	153813812	ARFIP1	4	153701089	153839615	7.20E-06	193
8	71462435	NCOA2	8	71022017	71316043	3.23E-06	193
1	3709412	CEP104	1	3728650	3773778	4.12E-06	193
11	96137346	CCDC82	11	96085933	96123120	2.43E-05	193
1	111598232	DENND2D	1	111728591	111747157	2.74E-06	193
13	101369271	TMTC4	13	101256181	101327347	1.61E-07	193
15	66923403	RPL4	15	66790353	66816870	5.48E-06	193
8	11718528	CTSB	8	11700033	11726957	3.68E-06	193
17	78854496	RPTOR	17	78518619	78940171	2.16E-06	193
17	8172732	PFAS	17	8150936	8173809	9.94E-06	193
17	260747	C17orf97	17	260116	280853	6.52E-16	193
18	12312492	TUBB6	18	12307668	12344319	1.71E-05	193
2	55369761	RTN4	2	55199323	55339757	4.40E-06	193
2	17977750	SMC6	2	17845079	17981509	5.74E-06	193
20	5107809	TMEM230	20	5048878	5093749	9.59E-06	193
5	175819951	HIGD2A	5	175815752	175816762	1.50E-09	193
7	23652561	CCDC126	7	23637001	23684327	6.39E-08	193
6	10391782	TFAP2A	6	10393419	10419892	1.42E-05	193
8	124470337	WDYHV1	8	124428965	124482268	7.47E-07	193
9	7152884	KDM4C	9	6720863	7175648	2.50E-05	193
1	151846517	THEM4	1	151843342	151882113	9.97E-06	193
16	66583618	CKLF	16	66586466	66600154	1.54E-08	193
11	36624063	C11orf74	11	36616043	36680840	2.33E-06	193
2	101608826	TBC1D8	2	101624079	101869328	3.63E-06	193
1	161676970	FCRLA	1	161676762	161684142	3.57E-06	193
12	88171044	AC079598.2	12	88147191	88147224	2.04E-05	193
1	22068259	USP48	1	22004791	22110099	6.97E-08	193
22	44577160	PARVG	22	44568836	44615413	2.35E-09	193
1	184763596	FAM129A	1	184759858	184943640	1.24E-05	193
1	11903010	NPPA	1	11905766	11908402	1.95E-07	193
12	7722817	CD163L1	12	7499281	7632493	1.44E-05	193
10	49333393	AGAP12P	10	49217898	49239658	2.56E-05	193
3	98284283	CPOX	3	98298290	98312567	2.42E-05	193
12	40620808	SLC2A13	12	40148827	40499891	1.97E-05	193
1	214786661	CENPF	1	214776538	214837914	5.47E-06	193
16	68394307	PRMT7	16	68344877	68392466	4.94E-07	193
10	70231701	DNA2	10	70173821	70231878	1.72E-06	193
9	123408736	MEGF9	9	123363089	123476748	4.97E-06	193
12	117145097	C12orf49	12	117147976	117175875	3.53E-06	193
10	106058940	GSTO1	10	105995114	106027217	5.09E-07	193
17	3495214	TRPV1	17	3468738	3512705	1.41E-05	193
21	44934857	HSF2BP	21	44949066	45079369	2.83E-06	193
16	68580385	ZFP90	16	68563993	68609975	7.10E-08	193
15	65191396	ANKDD1A	15	65204101	65251033	1.72E-05	193
7	33761984	BBS9	7	33168856	33645680	1.89E-05	193
8	91885350	NECAB1	8	91803969	91971621	1.54E-08	193
10	61436118	SLC16A9	10	61410519	61495760	8.34E-06	193
8	95909498	INTS8	8	95825539	95893974	8.46E-07	193
8	101247320	RNF19A	8	101269288	101348446	1.50E-06	193
9	4702296	CDC37L1	9	4679559	4708399	4.88E-06	193
11	2320966	TSPAN32	11	2323227	2339430	1.69E-07	193
11	2320966	C11orf21	11	2316875	2324279	2.02E-05	193
16	86564656	MTHFSD	16	86563782	86588841	1.04E-07	193
17	17208232	NT5M	17	17206649	17250977	2.40E-07	193
17	75992693	TK1	17	76170172	76183314	2.84E-06	193
15	75142675	SCAMP5	15	75249560	75313836	4.30E-06	193
19	12814544	TNPO2	19	12810008	12834825	2.41E-05	193
19	9804424	OLFM2	19	9964394	10047228	1.56E-05	193
19	6199513	MLLT1	19	6210392	6279986	1.60E-05	193
19	507731	TPGS1	19	507497	519654	8.89E-07	193
19	11133272	SMARCA4	19	11071501	11190102	2.40E-05	193
4	76874996	NAAA	4	76834813	76862166	4.57E-07	193
2	46792361	ATP6V1E2	2	46717889	46769716	2.68E-06	193
2	25620900	DTNB	2	25600067	25896516	1.46E-05	193
15	45618234	SPATA5L1	15	45694534	45713613	3.43E-06	193
3	43383897	ANO10	3	43396351	43733086	1.46E-05	193
5	94925849	TTC37	5	94797459	94890711	1.55E-09	193
13	28123590	POLR1D	13	28194879	28318374	1.77E-05	193
12	51326429	SLC11A2	12	51373184	51422349	3.03E-07	193
1	70820802	HHLA3	1	70820488	70851022	4.25E-08	193
17	34967871	MRM1	17	34958012	34965400	6.26E-06	193
7	116879062	WNT2	7	116915505	116963343	5.12E-06	193
7	127950414	RBM28	7	127937738	127983962	5.57E-06	193
7	130000679	COPG2	7	130146079	130353588	2.48E-05	193
7	96725713	SDHAF3	7	96745902	96811075	8.10E-06	193
2	80756301	CTNNA2	2	79412357	80875986	1.99E-08	193
6	29693011	ZFP57	6	29640169	29648887	6.86E-08	193
20	60775496	MTG2	20	60758085	60778624	8.00E-10	193
13	52455098	ATP7B	13	52504572	52586261	2.50E-05	193
9	131717530	NUP188	9	131709978	131769375	6.30E-06	193
6	37485728	AL353597.1	6	37512921	37518636	9.89E-07	193
10	29096942	BAMBI	10	28966439	28971861	2.71E-06	193
8	110525884	PKHD1L1	8	110374690	110549436	1.05E-06	193
18	100977	AP001005.2	18	94202	94330	1.07E-05	193
19	48938597	CCDC114	19	48799714	48825151	1.31E-05	193
6	31543031	AIF1	6	31582994	31584798	2.13E-05	193
2	46793301	RHOQ	2	46768945	46811827	1.34E-05	193
10	115722411	ADRB1	10	115803815	115806667	7.99E-06	193
2	89100580	RPIA	2	88991191	89050446	7.70E-07	193
16	2947346	FLYWCH2	16	2933214	2949383	5.18E-08	193
12	4713709	DYRK4	12	4671370	4724468	2.16E-06	193
10	72240570	PALD1	10	72238523	72328206	4.22E-09	193
3	129330490	EFCAB12	3	129120164	129147494	3.19E-06	193
3	134205071	ANAPC13	3	134196548	134205558	1.40E-08	193
5	5057954	ADAMTS16	5	5140443	5320417	2.12E-05	193
10	15096448	ACBD7	10	15117474	15130775	9.26E-06	193
3	192629447	MB21D2	3	192514604	192635645	3.78E-09	193
2	10040672	TAF1B	2	9983572	10074545	7.53E-06	193
12	7090193	C1S	12	7096351	7178336	7.92E-06	193
22	42072818	ACO2	22	41865121	41924993	1.32E-05	193
19	58263999	ZNF586	19	58281023	58331307	1.92E-06	193
15	90432526	AP3S2	15	90373831	90437870	2.80E-10	193
2	99684929	TSGA10	2	99613724	99771427	4.87E-06	193
19	39302843	LGALS4	19	39292311	39303585	4.09E-06	193
22	39747780	SYNGR1	22	39745930	39781580	8.17E-09	193
21	30445948	CCT8	21	30428126	30446118	6.23E-10	193
10	135351174	MTG1	10	135207598	135236024	1.42E-05	193
21	40715519	HMGN1	21	40714241	40721573	3.24E-06	193
1	161012760	TSTD1	1	161007421	161008767	7.21E-10	193
17	40267255	DHX58	17	40253422	40264732	8.70E-07	193
19	985815	WDR18	19	984271	998437	3.08E-07	193
19	39306425	ACTN4	19	39138289	39222229	1.82E-05	193
8	144633556	RN7SK	6	52860419	52860746	4.94E-09	193
17	58156427	HEATR6	17	58120555	58156292	2.32E-11	193
3	193400776	ATP13A4	3	193116756	193310900	8.26E-10	193
21	40753007	SH3BGR	21	40817781	40887433	2.31E-06	193
7	76137284	POMZP3	7	76239303	76256578	2.29E-08	193
20	54798600	CASS4	20	54987168	55035443	1.02E-05	193
5	118336105	DMXL1	5	118373467	118584833	1.28E-08	193
6	56884451	BEND6	6	56819905	56892144	2.62E-06	193
4	44840802	GUF1	4	44680437	44702945	2.36E-05	193
22	39392390	APOBEC3B	22	39378352	39388809	4.53E-06	193
1	16530049	ARHGEF19	1	16524349	16539147	5.18E-07	193
6	3118998	BPHL	6	3118608	3153812	2.21E-05	193
19	41938208	DMAC2	19	41937223	41946622	3.31E-06	193
11	57321811	SMTNL1	11	57310114	57317747	1.74E-08	193
22	37898829	LGALS2	22	37966255	37978623	2.19E-05	193
7	27796242	TAX1BP1	7	27778950	27884183	1.84E-05	193
12	6569983	TAPBPL	12	6560856	6575683	4.25E-06	193
22	42475703	SMDT1	22	42475695	42480288	1.13E-12	193
5	157158701	SOX30	5	157052687	157098488	5.04E-06	193
22	45809624	RIBC2	22	45809572	45828376	8.30E-07	193
14	24898751	CBLN3	14	24895738	24900160	1.51E-05	193
3	52868056	SFMBT1	3	52937588	53080766	2.62E-07	193
3	46037405	FYCO1	3	45959391	46037316	7.56E-09	193
16	84213965	TAF1C	16	84211453	84220676	3.06E-07	193
20	3263636	C20orf194	20	3229951	3388272	1.52E-07	193
16	18603408	NOMO3	16	16326385	16388668	1.00E-08	193
11	44105868	ACCS	11	44087475	44105772	4.56E-07	193
17	53038082	COX11	17	53029263	53046146	1.58E-05	193
16	70187270	AC009060.1	16	70190243	70207351	3.80E-06	193
15	78390414	CIB2	15	78396948	78423886	4.40E-06	193
11	298758	PGGHG	11	289135	296107	3.60E-06	193
10	102744214	MRPL43	10	102729215	102747272	9.68E-08	193
14	96136775	TCL1B	14	96152763	96158965	6.28E-08	193
9	27558918	MOB3B	9	27325207	27529812	1.43E-05	193
1	159046430	AIM2	1	159032274	159116886	2.28E-05	193
1	40251816	BMP8B	1	40222854	40254537	2.82E-10	193
5	179268779	RN7SK	6	52860419	52860746	1.72E-05	193
19	17173563	HAUS8	19	17160539	17186435	5.77E-06	193
19	50391301	IL4I1	19	50392911	50432796	7.45E-06	193
4	122617688	ANXA5	4	122589101	122618150	7.35E-09	193
8	27164449	TRIM35	8	27142403	27168789	9.12E-06	193
6	10722319	TMEM14C	6	10723148	10731362	1.45E-05	193
3	52885328	ITIH1	3	52811611	52826084	3.59E-08	193
7	134813853	CYREN	7	134777115	134855547	1.48E-09	193
20	5973528	MCM8	20	5931298	5979623	6.57E-08	193
5	89939067	LYSMD3	5	89811428	89825401	1.97E-05	193
16	3538873	NAA60	16	3493649	3536953	1.60E-06	193
13	31040943	HMGB1	13	31030841	31191734	3.61E-15	193
6	33026246	HLA-DPA1	6	33032346	33048552	3.13E-06	193
19	14695014	CLEC17A	19	14693896	14721969	2.78E-06	193
14	90394390	EFCAB11	14	90261013	90421121	1.30E-05	193
9	106887581	SMC2	9	106856541	106903700	2.24E-05	193
20	33868702	MMP24	20	33814493	33864801	1.27E-05	193
8	6430770	ANGPT2	8	6357172	6420930	1.68E-05	193
19	5783634	DUS3L	19	5784843	5791236	1.52E-06	193
8	119629454	SAMD12	8	119201694	119634351	2.09E-07	193
5	96123336	ERAP1	5	96096514	96143803	5.68E-10	193
4	2988636	GRK4	4	2965298	3042487	1.10E-05	193
9	136689495	VAV2	9	136627016	136857726	4.94E-06	193
11	62098735	ASRGL1	11	62104920	62160884	3.37E-09	193
7	74358919	STAG3L3	7	72440227	72476445	3.52E-11	193
16	190237	NPRL3	16	134270	188859	2.38E-06	193
5	463898	SLC9A3	5	470573	524447	7.32E-06	193
4	39037336	TMEM156	4	38968365	39034542	5.11E-08	193
15	101022480	ASB7	15	101142739	101191910	7.27E-06	193
22	20414653	PI4KAP1	22	20383513	20427835	1.73E-09	193
15	99505129	SYNM	15	99638420	99675798	1.06E-05	193
4	130017919	C4orf33	4	130014472	130037795	1.36E-07	193
2	9245536	MBOAT2	2	8992820	9143838	2.84E-10	193
4	39457430	RPL9	4	39454141	39460569	4.54E-20	193
19	12267531	ZNF625	19	12252905	12267544	2.16E-05	193
2	32868255	TTC27	2	32853099	33046118	2.66E-06	193
16	3215262	ZNF213	16	3179778	3192806	2.62E-07	193
16	10759708	TEKT5	16	10721358	10788802	2.97E-06	193
3	133185834	BFSP2	3	133118839	133194066	1.10E-08	193
14	106243371	IGHG3	14	106230840	106237742	4.12E-06	193
6	89326217	RNGTT	6	89319616	89673337	1.91E-08	193
6	86347605	SNHG5	6	86370668	86388466	1.67E-17	193
5	180677679	RACK1	5	180663909	180675096	1.25E-06	193
17	15876655	ZSWIM7	17	15879874	15903031	6.89E-07	193
10	47940417	WASHC2A	10	51827648	51893269	6.15E-10	193
10	52507396	ASAH2B	10	52499078	52576255	2.33E-05	193
21	38495849	PIGP	21	38431470	38445470	1.32E-05	193
15	72496762	HEXA	15	72633260	72668817	1.24E-05	193
19	6436222	SLC25A41	19	6426048	6433790	1.32E-11	193
15	75812474	MAN2C1	15	75647548	75660953	4.89E-06	193
4	1144547	RNF212	4	1050038	1107352	2.60E-06	193
7	50566762	FIGNL1	7	50511826	50610233	1.64E-05	193
10	104487382	SFXN2	10	104474295	104503249	1.37E-05	193
8	30576213	GSR	8	30535583	30585363	1.98E-05	193
15	72338423	PARP6	15	72533522	72565340	3.03E-06	193
8	144423920	TOP1MT	8	144386554	144442149	1.73E-09	193
1	151922808	S100A10	1	151955391	151966335	8.76E-08	193
19	37040659	ZNF461	19	37127520	37157755	2.20E-07	193
8	145623098	CPSF1	8	145618444	145634719	1.18E-05	193
10	26727454	APBB1IP	10	26727270	26856732	3.82E-06	193
3	12574512	MKRN2	3	12598586	12625212	9.89E-08	193
4	123738546	FGF2	4	123747863	123819391	1.43E-05	193
16	30500761	SEPHS2	16	30454952	30457502	1.38E-05	193
1	207073832	IL24	1	207070788	207077484	3.46E-06	193
2	172950073	DLX1	2	172949468	172954405	1.03E-05	193
20	62172281	SRMS	20	62172163	62178857	6.53E-10	193
20	62172281	FNDC11	20	62179244	62188048	1.66E-06	193
1	11725908	FBXO6	1	11724257	11734411	6.56E-11	193
1	152012386	S100A11	1	152004982	152020383	6.74E-09	193
6	30905313	VARS2	6	30876019	30894236	1.48E-08	193
12	69786543	YEATS4	12	69753490	69784650	3.83E-07	193
3	51978327	RPL29	3	52027538	52029958	2.87E-07	193
19	6739278	GPR108	19	6729925	6737614	1.12E-12	193
16	23671992	DCTN5	16	23652787	23688793	1.90E-09	193
17	79626013	CCDC137	17	79633767	79640934	3.59E-06	193
5	102450417	PPIP5K2	5	102455853	102548500	4.74E-06	193
20	47786190	ARFGEF2	20	47538248	47653230	7.27E-06	193
1	1295403	MXRA8	1	1288069	1297157	3.28E-07	193
3	50234126	RBM6	3	49977440	50137478	1.64E-06	193
1	193045639	RO60	1	193028552	193060907	1.19E-05	193
22	37414468	MPST	22	37415676	37425863	7.91E-09	193
6	32531923	HLA-DRB5	6	32485130	32498064	1.59E-09	193
19	41100624	LTBP4	19	41098789	41135723	1.43E-05	193
16	66843950	NAE1	16	66836778	66907159	5.69E-06	193
1	110223007	GSTM1	1	110230436	110251661	6.08E-16	193
1	220887035	C1orf115	1	220863705	220872495	2.91E-06	193
3	53886912	ACTR8	3	53901093	53916179	1.54E-06	193
7	150034184	ZBED6CL	7	150019728	150029810	1.49E-06	193
15	41813279	RPAP1	15	41809374	41836467	5.51E-07	193
6	106967778	SLC45A2	5	33944728	33984798	1.01E-07	193
2	15729583	DDX1	2	15731302	15771235	9.29E-08	193
7	45147564	TBRG4	7	45139699	45151646	1.50E-07	193
19	13265986	STX10	19	13254872	13261197	2.45E-07	193
22	39066851	JOSD1	22	39081548	39097561	1.21E-08	193
5	146790491	DPYSL3	5	146770371	146889631	1.06E-06	193
4	185652147	CENPU	4	185615239	185655284	3.53E-09	193
7	129934219	CPA4	7	129932974	129964020	1.00E-05	193
16	84170759	HSDL1	16	84155746	84178797	3.06E-06	193
9	139261991	DNLZ	9	139253932	139258196	1.77E-06	193
1	235667236	B3GALNT2	1	235610505	235667752	9.23E-08	193
3	194152728	ATP13A3	3	194123401	194219093	1.18E-05	193
16	16396512	AC138932.1	16	15005408	15029565	7.26E-06	193
15	79043370	ADAMTS7	15	79051548	79103806	1.85E-05	193
3	112726411	GTPBP8	3	112709765	112733907	1.75E-05	193
8	146080023	ZNF34	8	145998499	146012730	2.76E-06	193
4	4297241	ZBTB49	4	4291978	4323513	1.26E-06	193
6	29934454	HLA-A	6	29909037	29913661	3.07E-07	193
18	44340086	ST8SIA5	18	44247784	44339220	3.71E-07	193
2	132240047	MZT2A	2	132222473	132250316	4.91E-17	193
11	124940141	SLC37A2	11	124932963	124960208	1.60E-06	193
11	18524490	TSG101	11	18489883	18548498	2.94E-08	193
6	89838728	PM20D2	6	89855774	89875284	4.20E-11	193
3	12836792	CAND2	3	12837971	12913415	1.86E-05	193
14	106000214	TMEM121	14	105992920	105996539	3.89E-06	193
19	12071733	ZNF763	19	12075852	12091196	1.74E-05	193
16	28508716	EIF3CL	16	28390900	28415200	4.67E-06	193
6	2842830	SERPINB1	6	2832566	2842193	2.47E-05	193
19	7691949	XAB2	19	7684411	7694431	1.37E-05	193
20	7992324	TMX4	20	7957993	8000452	5.51E-08	193
16	28711743	CLN3	16	28485432	28506896	1.32E-05	193
5	79299027	THBS4	5	79287134	79379110	1.86E-05	193
1	204288076	PPP1R15B	1	204372509	204380945	4.26E-07	193
8	99305539	NIPAL2	8	99202054	99306621	2.25E-07	193
12	39779095	KIF21A	12	39687030	39837192	2.38E-05	193
19	44484993	ZNF234	19	44645707	44664466	1.86E-05	193
1	150734436	CTSS	1	150702664	150738268	9.05E-07	193
6	6384148	F13A1	6	6144318	6321246	2.21E-07	193
7	134685814	WDR91	7	134868591	134896286	2.22E-05	193
5	95997285	CAST	5	95860971	96115299	4.27E-07	193
9	131585495	ENDOG	9	131580779	131584955	1.30E-05	193
7	64437406	ZNF117	7	64432154	64467062	3.65E-11	193
1	38028374	GNL2	1	38032417	38061538	8.53E-07	193
2	37863583	CDC42EP3	2	37869025	37965611	7.05E-06	193
2	65200618	CEP68	2	65283500	65314138	9.00E-06	193
3	121481801	IQCB1	3	121488608	121553926	1.48E-08	193
4	48734926	OCIAD1	4	48807229	48863834	6.01E-06	193
4	155396176	DCHS2	4	155152894	155416722	1.57E-05	193
6	26429655	BTN3A1	6	26402465	26415436	8.34E-06	193
6	37645697	MDGA1	6	37598455	37667082	7.50E-07	193
9	98630743	LINC00476	9	98521513	98638259	4.75E-08	193
10	27498757	ANKRD26	10	27280843	27389427	1.00E-05	193
19	53149967	ZNF83	19	53097313	53193749	1.30E-05	193
11	14270904	SPON1	11	13984270	14289679	2.19E-05	193
12	129323397	GLT1D1	12	129337972	129469513	1.86E-05	193
12	93869439	MRPL42	12	93861264	93909990	5.90E-08	193
12	120862532	DYNLL1	12	120907653	120936296	6.02E-06	193
16	89256131	ACSF3	16	89154783	89230529	1.14E-05	193
16	25053111	SLC5A11	16	24857162	24922949	8.98E-06	193
17	73586524	AC087749.1	17	73679623	73680879	3.53E-07	193
17	73586560	AC087749.2	17	73675554	73676047	1.27E-05	193
17	76898633	TIMP2	17	76849059	76921469	2.41E-05	193
17	77081222	ENGASE	17	77071021	77084681	1.86E-08	193
17	9001410	NTN1	17	8924827	9147317	2.94E-07	193
17	33470630	LIG3	17	33307513	33336762	6.59E-07	193
17	34842521	ZNHIT3	17	34842473	34855154	2.01E-08	193
17	39993748	NT5C3B	17	39981433	39992515	7.88E-10	193
19	59000273	SLC27A5	19	58990879	59023780	4.11E-07	193
19	39424653	SARS2	19	39405906	39421536	8.99E-06	193
19	52880265	ZNF880	19	52873170	52889048	3.58E-06	193
19	9515200	ZNF266	19	9523137	9546247	1.13E-19	193
21	47724648	YBEY	21	47706256	47717665	1.46E-05	193
10	135159603	FUOM	10	135168662	135171529	2.22E-09	193
3	23752657	UBE2E1	3	23847394	23932807	1.82E-05	193
5	96229272	ERAP2	5	96211643	96255420	1.99E-16	193
8	144661564	NAPRT	8	144656955	144660819	1.81E-10	193
8	144661564	MROH6	8	144648362	144654942	1.26E-05	193
15	75131661	MPI	15	75182346	75194560	2.44E-06	193
18	72950335	TSHZ1	18	72922710	73001905	1.60E-06	193
6	138723962	HEBP2	6	138724668	138743334	9.70E-10	193
14	68170956	VTI1B	14	68113802	68141537	4.27E-07	193
14	76675219	GPATCH2L	14	76618259	76720685	2.70E-11	193
11	68823247	TPCN2	11	68816400	68929908	5.65E-09	193
12	31229317	DDX11	12	31226794	31257733	4.32E-08	193
12	27179759	MED21	12	27175479	27219276	1.75E-05	193
1	247154077	ZNF695	1	247108849	247171395	1.29E-07	193
14	24912755	SDR39U1	14	24908972	24912111	3.91E-06	193
1	85423541	MCOLN2	1	85391266	85462796	1.25E-08	193
2	197848176	ANKRD44	2	197831741	198175897	6.24E-07	193
11	219089	SIRT3	11	215030	236931	7.95E-07	193
11	126056275	FOXRED1	11	126138950	126148026	2.27E-05	193
15	43478113	CCNDBP1	15	43477316	43489375	6.36E-07	193
2	224773548	AP1S3	2	224616403	224702744	2.27E-05	193
13	75874682	TBC1D4	13	75857639	76056250	2.00E-05	193
10	131426957	MGMT	10	131265454	131569247	9.11E-06	193
22	42926426	RRP7A	22	42904350	42915802	2.33E-08	193
7	6098301	EIF2AK1	7	6061878	6098806	1.63E-06	193
11	68678634	IGHMBP2	11	68671310	68708070	2.35E-05	193
11	68678634	MRPL21	11	68658744	68671303	2.17E-12	193
1	25629943	RHD	1	25598884	25656936	8.83E-08	193
11	114287790	C11orf71	11	114262165	114271233	1.62E-05	193
22	42337733	MEI1	22	42095507	42195460	6.71E-06	193
22	46688321	TTC38	22	46663858	46689905	3.44E-15	193
16	57521274	DOK4	16	57505834	57521239	8.72E-06	193
20	25639897	ZNF337	20	25653831	25677489	6.88E-07	193
20	34221155	CPNE1	20	34213953	34252878	6.20E-08	193
20	42260247	MYBL2	20	42295659	42345135	1.90E-11	193
20	25369918	PYGB	20	25228721	25278648	7.22E-06	193
20	25846964	FAM182B	20	25744102	25848861	1.26E-06	193
11	65655393	FIBP	11	65651212	65656010	2.95E-09	193
1	36314003	C1orf216	1	36179478	36184495	1.52E-06	193
3	44810107	KIAA1143	3	44779153	44803111	5.60E-07	193
6	35115994	DEF6	6	35265595	35289548	6.06E-09	193
7	89820882	STEAP2	7	89796904	89867451	1.38E-05	193
7	77240744	TMEM60	7	77423045	77427751	2.01E-05	193
8	56662665	TGS1	8	56685701	56738007	3.45E-06	193
11	43816200	HSD17B12	11	43702230	43878167	2.01E-10	193
11	9125364	TMEM41B	11	9302201	9336183	1.13E-05	193
13	108970236	TNFSF13B	13	108903588	108960832	4.75E-06	193
16	89943629	VPS9D1	16	89773542	89787306	1.00E-05	193
16	8531692	METTL22	16	8715540	8743511	7.10E-06	193
17	79994026	DCXR	17	79993012	79995608	4.64E-07	193
17	29277489	RNF135	17	29298002	29326929	2.06E-05	193
19	39425722	MRPS12	19	39421188	39423802	6.07E-07	193
2	122358787	CLASP1	2	122095352	122407163	6.86E-09	193
5	337232	SDHA	5	218356	257197	5.90E-10	193
9	74857812	GDA	9	74729511	74872109	6.25E-07	193
13	50265810	EBPL	13	50234810	50265622	3.13E-07	193
17	79658100	ARL16	17	79648204	79650954	2.75E-09	193
6	97283586	NDUFAF4	6	97337191	97345767	2.20E-05	193
11	65656282	CTSW	11	65647308	65651212	2.56E-08	193
1	99152541	SNX7	1	99127257	99226056	1.40E-06	193
5	122084693	SNX2	5	122110774	122170238	1.22E-05	193
5	177138298	FAM153A	5	177134982	177210399	1.11E-05	193
15	83664641	RAMAC	15	83654962	83659809	8.14E-06	193
11	117070857	TAGLN	11	117070037	117075498	1.97E-06	193
1	10037468	LZIC	1	9982171	10003465	9.93E-08	193
1	150255515	MRPS21	1	150266140	150281414	6.96E-07	193
6	5108391	LYRM4	6	5102827	5261172	6.29E-06	193
1	170643803	PRRX1	1	170631869	170708562	1.04E-05	193
1	181397143	CACNA1E	1	181286826	181777219	2.72E-06	193
2	46838005	PIGF	2	46808076	46844258	2.24E-05	193
2	238799206	RAMP1	2	238767536	238820748	1.73E-05	193
19	583460	BSG	19	571277	583493	1.86E-06	193
3	52565100	NEK4	3	52742460	52804962	1.08E-05	193
3	141766305	TFDP2	3	141663270	141868386	2.92E-07	193
3	133885925	RYK	3	133784147	133969586	1.59E-05	193
11	22690204	GAS2	11	22647055	22834601	1.07E-05	193
4	41956313	TMEM33	4	41937146	41962820	3.13E-13	193
4	57329936	SRP72	4	57333502	57369847	2.25E-05	193
5	173161774	CPEB4	5	173315352	173388983	6.64E-07	193
20	814151	FAM110A	20	814358	838106	2.16E-05	193
5	81574182	ATP6AP1L	5	81575281	81682796	4.25E-08	193
5	115237561	ATG12	5	115163897	115177534	9.74E-06	193
6	33290271	TAPBP	6	33267471	33282164	1.27E-07	193
15	43761205	ADAL	15	43622855	43646753	2.51E-06	193
6	135156305	HBS1L	6	135281516	135424194	2.20E-05	193
6	49406348	CENPQ	6	49431083	49460820	9.54E-06	193
6	24507881	GPLD1	6	24424793	24495433	4.34E-07	193
7	86977568	TP53TG1	7	86954541	86974831	1.82E-05	193
7	73236715	METTL27	7	73248920	73256846	1.25E-12	193
7	100894596	CLDN15	7	100875373	100882101	3.47E-09	193
8	2097204	MYOM2	8	1993161	2113475	4.25E-06	193
8	97288826	MTERF3	8	97251626	97273838	1.18E-05	193
8	144447355	RHPN1	8	144451046	144466391	5.05E-08	193
8	79609382	ZC2HC1A	8	79578324	79632000	6.60E-11	193
8	79609382	PKIA	8	79428575	79517502	1.19E-05	193
9	71794273	TJP2	9	71736180	71889531	2.74E-08	193
9	34336266	NUDT2	9	34329504	34343709	5.33E-14	193
9	97713098	C9orf3	9	97488983	97849500	3.05E-07	193
10	97605057	ENTPD1	10	97471536	97637023	3.41E-08	193
10	81075975	PPIF	10	81107225	81115090	1.98E-06	193
10	74053313	MICU1	10	74127085	74385949	5.64E-06	193
10	71167047	TACR2	10	71163659	71176623	1.90E-08	193
10	13447195	PHYH	10	13319796	13344412	3.29E-06	193
11	5661021	UBQLNL	11	5535623	5537935	1.01E-05	193
11	61160102	TMEM216	11	61159159	61166335	1.54E-05	193
11	9647014	SWAP70	11	9685624	9774540	1.69E-06	193
11	16869963	PLEKHA7	11	16798844	17035961	4.45E-06	193
11	688804	TMEM80	11	695428	705028	9.05E-07	193
11	8010307	EIF3F	11	7991798	8023409	7.57E-08	193
11	111210792	COLCA1	11	111161512	111175770	2.27E-07	193
11	92999224	SLC36A4	11	92877340	92931157	2.04E-05	193
14	92337430	TC2N	14	92246090	92333880	1.32E-05	193
14	69459574	ZFP36L1	14	69254377	69262970	6.39E-06	193
14	92585838	NDUFB1	14	92582466	92588261	1.43E-06	193
14	50645974	L2HGDH	14	50704281	50778947	1.37E-05	193
15	83398315	AP3B2	15	83328033	83378666	4.43E-06	193
15	83845282	AC024270.1	15	83713120	83713523	9.68E-07	193
15	68628713	PIAS1	15	68346517	68490941	9.95E-06	193
15	45384665	SORD	15	45315379	45369383	2.27E-06	193
16	4511752	NMRAL1	16	4511681	4545764	1.44E-13	193
16	21184277	TMEM159	16	21169698	21191937	4.66E-06	193
16	30114124	TBX6	16	30097114	30103208	1.34E-07	193
17	28911843	LRRC37BP1	17	28956698	28964484	3.43E-06	193
3	107843481	CD47	3	107761938	107810709	1.40E-05	193
17	35953632	DDX52	17	35969787	36003475	1.03E-06	193
18	9609441	PPP4R1	18	9546789	9615238	8.26E-06	193
19	40853492	C19orf47	19	40825443	40854434	1.17E-05	193
16	66585710	TK2	16	66541906	66586447	3.85E-10	193
20	43560606	PABPC1L	20	43538703	43587676	5.12E-09	193
20	24851520	CST7	20	24929905	24940564	1.88E-05	193
20	3193893	ITPA	20	3189514	3204516	1.85E-06	193
21	37948811	CLDN14	21	37832919	37948867	9.66E-08	193
22	45764165	FAM118A	22	45704849	45737836	4.78E-09	193
12	22671822	ST8SIA1	12	22216707	22589975	3.57E-07	193
6	34726838	UHRF1BP1	6	34759792	34850915	3.66E-06	193
21	37460164	CBR1	21	37442239	37445464	1.13E-05	193
2	74926935	DOK1	2	74776153	74784681	4.80E-06	193
8	143482961	TSNARE1	8	143293441	143484543	2.33E-05	193
22	43112475	A4GALT	22	43088127	43117304	7.64E-08	193
9	139939197	ENTPD2	9	139942559	139948513	1.74E-09	193
11	47245803	ACP2	11	47260853	47270391	2.61E-06	193
17	79609410	NPLOC4	17	79523913	79615495	3.04E-07	193
22	50317330	ALG12	22	50293877	50312086	4.79E-06	193
21	33704448	URB1	21	33683329	33765321	1.16E-05	193
1	156234439	PAQR6	1	156213111	156217908	2.71E-07	193
1	24755993	STPG1	1	24683489	24743424	2.18E-05	193
1	171773266	EEF1AKNMT	1	171750800	171783163	1.06E-05	193
7	24758818	GSDME	7	24737974	24797559	1.06E-05	193
1	20128945	TMCO4	1	20008706	20126438	2.02E-05	193
2	84579831	DNAH6	2	84743579	85046713	4.56E-06	193
2	190575958	PMS1	2	190648811	190742355	8.34E-07	193
3	52566914	NT5DC2	3	52558401	52569070	1.56E-05	193
6	40087514	MOCS1	6	39867354	39902290	4.42E-07	193
22	51066990	SYCE3	22	50989541	51001348	7.01E-06	193
3	158336673	MFSD1	3	158449987	158547508	1.48E-05	193
3	45185519	CDCP1	3	45123769	45187914	7.68E-07	193
3	46774776	PRSS50	3	46753607	46759359	1.34E-05	193
19	3755266	MRPL54	19	3762680	3768573	1.24E-08	193
4	89182518	HERC5	4	89378270	89427314	7.87E-06	193
4	84197582	HPSE	4	84213614	84256306	7.47E-06	193
4	6607830	MAN2B2	4	6576902	6625089	3.00E-06	193
4	17625895	MED28	4	17616264	17635728	2.02E-05	193
5	10306644	CMBL	5	10275987	10308014	8.14E-06	193
5	175831645	NOP16	5	175810941	175815976	5.03E-06	193
5	153657869	GALNT10	5	153570290	153800544	6.80E-07	193
5	98162720	RGMB	5	98104354	98134347	6.78E-06	193
5	43852075	NNT	5	43602794	43707507	6.46E-08	193
5	76749515	WDR41	5	76721795	76916436	4.39E-06	193
6	10695491	C6orf52	6	10671651	10695030	1.70E-10	193
6	32448599	HLA-DRB1	6	32546546	32557625	2.34E-05	193
6	130331265	L3MBTL3	6	130334844	130462596	2.62E-06	193
6	44139869	CAPN11	6	44126548	44152138	9.44E-11	193
6	49421241	MMUT	6	49398073	49430966	1.43E-05	193
6	44084684	MRPL14	6	44081188	44095189	5.25E-06	193
6	86146024	NT5E	6	86159302	86205509	2.16E-05	193
7	6642043	ZDHHC4	7	6617065	6629005	6.77E-06	193
7	138648522	KIAA1549	7	138516126	138666064	6.18E-08	193
7	149571466	ATP6V0E2	7	149570057	149588293	8.29E-11	193
7	72255343	TYW1B	7	72023729	72298779	1.55E-09	193
7	20278642	ITGB8	7	20370325	20455377	7.32E-08	193
7	20278642	MACC1	7	20174278	20257027	4.33E-08	193
7	143425361	AC099548.1	7	143493388	143493813	7.46E-07	193
8	33340772	FUT10	8	33228342	33330940	4.02E-07	193
8	42012689	AP3M2	8	42010464	42029191	7.33E-08	193
8	8578662	MFHAS1	8	8640864	8751140	1.14E-05	193
8	23206698	TNFRSF10A	8	23047965	23082639	1.74E-05	193
9	42373963	AL772307.1	9	42128811	42251629	4.03E-06	193
9	139947473	SAPCD2	9	139956579	139965009	5.77E-06	193
9	114352475	PTGR1	9	114312002	114362173	1.46E-05	193
9	132603014	TOR1A	9	132575221	132586523	1.26E-05	193
9	116113396	BSPRY	9	116111821	116133513	6.56E-09	193
9	33142728	B4GALT1	9	33104080	33167354	6.18E-09	193
10	35386237	CREM	10	35415719	35501886	2.60E-06	193
10	35081755	PARD3	10	34398488	35104253	4.93E-07	193
10	3184802	PITRM1	10	3179920	3215033	4.45E-06	193
11	93418194	CEP295	11	93394848	93463524	2.47E-08	193
11	124543803	SPA17	11	124543694	124567414	1.20E-09	193
11	30351223	ARL14EP	11	30344651	30359770	1.27E-13	193
11	33087972	TCP11L1	11	33060963	33127489	1.99E-08	193
11	62394881	LBHD1	11	62430289	62439727	1.09E-05	193
12	121782708	ANAPC5	12	121746048	121837699	1.38E-05	193
12	22720892	C2CD5	12	22601517	22697480	8.24E-07	193
12	7334813	PEX5	12	7341281	7371170	5.28E-08	193
12	6779223	ZNF384	12	6775643	6798738	1.27E-06	193
13	115007089	CDC16	13	115000362	115038198	7.40E-07	193
7	2789704	GNA12	7	2767739	2883942	3.12E-06	193
4	1685137	FAM53A	4	1619642	1686029	1.13E-06	193
13	25971198	NUP58	13	25875694	25923938	1.64E-05	193
14	24609147	EMC9	14	24608168	24610800	2.33E-09	193
14	23067931	ABHD4	14	23067146	23082121	9.40E-06	193
5	140087010	SRA1	5	139916925	139937837	1.50E-07	193
14	76167896	TTLL5	14	76099968	76421422	5.57E-07	193
14	52461497	RTRAF	14	52456232	52477412	2.50E-06	193
15	101368511	ALDH1A3	15	101417919	101456831	5.47E-06	193
15	101114418	CERS3	15	100940600	101085200	2.88E-06	193
16	19719946	KNOP1	16	19713259	19729557	4.24E-06	193
16	1583634	TMEM204	16	1578689	1605581	2.39E-06	193
16	67476572	ATP6V0D1	16	67471917	67515084	6.84E-08	193
17	42984377	CCDC103	17	42976510	42982758	6.98E-07	193
17	42984377	FAM187A	17	42977080	42982758	8.19E-07	193
17	38051348	GSDMB	17	38060848	38076107	3.99E-06	193
17	38051348	ORMDL3	17	38077294	38083854	4.27E-08	193
17	73256533	MRPS7	17	73257755	73262457	4.08E-07	193
12	56405154	RNF41	12	56595959	56615717	4.39E-06	193
19	20821415	ZNF626	19	20802745	20844402	9.15E-07	193
19	22170551	ZNF257	19	22235232	22274282	1.22E-05	193
19	55148487	LILRA1	19	55105047	55113555	1.42E-05	193
19	53870180	ZNF525	19	53868946	53895470	7.38E-06	193
19	58943077	AC018880.2	2	104240088	104240288	7.24E-06	193
19	51875946	NKG7	19	51874860	51875955	4.23E-07	193
19	7435672	MCOLN1	19	7587510	7598895	3.17E-06	193
3	122406859	PARP14	3	122399686	122449687	5.35E-08	193
22	37624198	C1QTNF6	22	37576206	37595425	3.04E-06	193
22	24338686	DDT	22	24313554	24322019	3.35E-06	193
1	76109573	RABGGTB	1	76251882	76260771	1.91E-05	193
20	62651978	SAMD10	20	62605469	62611361	2.18E-05	193
20	62662515	PRPF6	20	62612485	62664453	8.36E-06	193
20	62586262	C20orf204	20	62665697	62671315	1.11E-05	193
22	43025194	SERHL	22	42896574	42908566	5.35E-08	193
6	32163274	RNF5	6	32146182	32148570	2.02E-05	193
1	205776458	SLC41A1	1	205758222	205782876	2.52E-05	193
17	48184377	PDK2	17	48172101	48189516	3.38E-06	193
2	65557075	SPRED2	2	65537985	65659771	9.88E-07	193
19	16850535	MED26	19	16685718	16739873	1.21E-05	193
17	33570441	SLFN5	17	33570090	33600674	1.68E-14	193
6	31145920	TCF19	6	31126324	31134936	9.33E-06	193
6	31145920	CCHCR1	6	31110216	31126015	4.62E-09	193
7	156750695	NOM1	7	156742406	156765870	5.72E-07	193
19	50194845	CPT1C	19	50194155	50216988	1.75E-05	193
5	125931022	ALDH7A1	5	125866892	125931054	6.00E-08	193
5	56245803	SETD9	5	56205087	56221359	2.45E-06	193
6	52411122	TRAM2	6	52362206	52441858	4.29E-07	193
16	11439679	RMI2	16	11343476	11475519	1.71E-06	193
6	30080994	TRIM31	6	30070674	30080867	2.15E-06	193
6	32651617	HLA-DQA2	6	32709119	32714992	9.51E-11	193
17	74705876	MXRA7	17	74668633	74707098	3.48E-08	193
5	1635677	AC026412.2	5	1614951	1616449	5.71E-08	193
6	6571947	LY86	6	6588341	6655216	4.82E-06	193
6	131378927	EPB41L2	6	131160487	131384462	9.96E-06	193
9	96997137	PTPDC1	9	96793076	96872138	1.47E-05	193
10	126093991	OAT	10	126085872	126107545	1.91E-06	193
1	9924957	CLSTN1	1	9789084	9884584	7.58E-06	193
6	149005283	UST	6	149068166	149398126	1.94E-06	193
6	7385153	RREB1	6	7107830	7252213	1.55E-05	193
7	99171449	BUD31	7	99006264	99017239	6.93E-07	193
13	115075715	UPF3A	13	115047076	115071292	5.35E-06	193
13	50194394	ARL11	13	50202435	50208008	2.03E-06	193
13	101228033	GGACT	13	101182418	101241782	4.73E-06	193
13	79881563	RBM26	13	79885959	79980612	4.02E-06	193
13	113276983	ATP11A	13	113344643	113541482	1.81E-05	193
22	50050847	C22orf34	22	49808173	50051190	6.53E-08	193
22	42531700	CYP2D6	22	42522501	42526883	3.92E-06	193
22	29037864	TTC28	22	28374002	29075853	9.47E-09	193
21	47596235	SPATC1L	21	47581062	47604390	1.06E-07	193
17	41424253	TMEM106A	17	41363854	41372061	1.03E-05	193
17	37212924	PLXDC1	17	37219566	37310647	7.69E-06	193
10	22822393	SPAG6	10	22634374	22743153	2.43E-05	193
12	4757896	AKAP3	12	4724674	4758217	9.56E-08	193
6	116889576	KPNA5	6	117002350	117063029	4.15E-06	193
3	127753688	RUVBL1	3	127783621	127872757	2.09E-05	193
3	41928044	ULK4	3	41288090	42003622	5.19E-08	193
3	141177845	ZBTB38	3	141043055	141168634	1.19E-05	193
3	125698167	SLC41A3	3	125725198	125820404	6.93E-06	193
16	74562784	RFWD3	16	74655297	74700775	2.47E-06	193
16	56555788	BBS2	16	56500748	56553999	5.81E-08	193
17	41131175	AARSD1	17	41102543	41116515	6.69E-08	193
17	73009224	MRPL58	17	73008765	73017356	1.67E-07	193
16	88925455	TRAPPC2L	16	88922628	88929094	1.88E-08	193
16	2986323	FLYWCH1	16	2961938	3001209	6.50E-08	193
16	70827888	VAC14	16	70721342	70835063	2.30E-09	193
16	72234472	PMFBP1	16	72146056	72210777	2.92E-06	193
18	77755802	TXNL4A	18	77730813	77793949	2.88E-07	193
18	46152073	CTIF	18	46065402	46389588	1.62E-05	193
15	82454283	SAXO2	15	82555151	82577271	6.99E-07	193
21	45778353	TRPM2	21	45770046	45862964	2.05E-05	193
6	42942779	PEX6	6	42931603	42946919	7.49E-07	193
4	187108627	CYP4V2	4	187112721	187134617	4.53E-08	193
